[[-310.2389   -439.2315     85.5         5.          5.         85.5     ]
 [-300.2389   -439.2315     85.5         5.          5.         85.5     ]
 [-290.2389   -439.2315     85.5         5.          5.         85.5     ]
 ...
 [ 257.8061    425.1645      1.75852     1.292725    1.292725    1.944791]
 [ 293.9967    368.3391      3.557666    1.129456    1.129456    3.667319]
 [ 281.5162    354.4156      4.999351    1.053772    1.053772    4.950246]]
525
graph took 1079.7265810966492 seconds to build
Number of edges 1922
15 509



Start at : {0} (-124.98039657993408, 76.45325074348966, 5.0)


Goal at : {0} (297.8595123573992, 146.45758778791617, 5.0)



Found a path.
12 [(-124.98039657993408, 76.45325074348966, 5.0), (-73.39559966282371, 56.68042824184681, 5.0), (-2.0541043133638937, 23.405110131807817, 5.0), (58.17268260130396, 19.261048546552047, 5.0), (51.052775622925765, 78.28140373614599, 5.0), (107.24911169940839, 118.0870101435554, 5.0), (153.7479163937624, 105.50088754840795, 5.0), (223.67057912298498, 120.83859819860163, 5.0), (266.7072013303775, 121.42172936178144, 5.0), (316.48438487060736, 84.58816050481164, 5.0)]

		
(-124.98039657993408, 76.45325074348966, 5.0) (-73.39559966282371, 56.68042824184681, 5.0)

		
(-73.39559966282371, 56.68042824184681, 5.0) (-2.0541043133638937, 23.405110131807817, 5.0)

		
(-2.0541043133638937, 23.405110131807817, 5.0) (58.17268260130396, 19.261048546552047, 5.0)

		
(58.17268260130396, 19.261048546552047, 5.0) (51.052775622925765, 78.28140373614599, 5.0)

		
(51.052775622925765, 78.28140373614599, 5.0) (107.24911169940839, 118.0870101435554, 5.0)

		
(107.24911169940839, 118.0870101435554, 5.0) (153.7479163937624, 105.50088754840795, 5.0)

		
(153.7479163937624, 105.50088754840795, 5.0) (223.67057912298498, 120.83859819860163, 5.0)

		
(223.67057912298498, 120.83859819860163, 5.0) (266.7072013303775, 121.42172936178144, 5.0)

		
(266.7072013303775, 121.42172936178144, 5.0) (316.48438487060736, 84.58816050481164, 5.0)
